# Created by Octave 4.0.0, Wed Apr 25 16:17:44 2018 UTC <ihc2017001@ihc2017001-ThinkCentre-M72z>
# name: y
# type: matrix
# rows: 255
# columns: 1
 0
 0
 0
 0
 0
 0
 0
 0
 0
 0
 0
 0
 0
 0
 0
 0
 0
 0
 0
 0
 0
 1
 3
 2
 3
 5
 8
 5
 3
 11
 15
 13
 14
 26
 22
 27
 24
 36
 51
 45
 62
 80
 97
 98
 128
 172
 159
 169
 166
 204
 167
 168
 157
 157
 169
 118
 102
 120
 104
 89
 74
 87
 89
 77
 80
 62
 61
 86
 69
 73
 70
 72
 81
 83
 80
 87
 59
 79
 72
 78
 73
 81
 75
 80
 92
 79
 82
 80
 87
 94
 95
 94
 90
 94
 102
 149
 150
 186
 207
 164
 159
 162
 154
 170
 129
 119
 120
 101
 97
 115
 105
 113
 122
 128
 131
 111
 126
 113
 121
 128
 140
 133
 164
 161
 149
 193
 187
 225
 227
 182
 210
 165
 148
 152
 145
 153
 159
 158
 210
 185
 191
 173
 186
 179
 230
 173
 156
 178
 173
 176
 181
 175
 215
 247
 239
 213
 209
 185
 171
 160
 139
 126
 131
 106
 126
 139
 109
 95
 90
 68
 80
 113
 103
 105
 100
 103
 94
 103
 74
 71
 67
 65
 55
 59
 43
 60
 53
 50
 61
 57
 54
 59
 79
 64
 73
 73
 72
 54
 69
 63
 66
 66
 75
 77
 59
 68
 87
 80
 87
 70
 80
 90
 60
 51
 41
 26
 21
 27
 25
 14
 21
 13
 9
 10
 6
 1
 10
 2
 4
 5
 5
 3
 1
 1
 1
 2
 0
 1
 1
 1
 0
 0
 0
 0
 0
 0
 0
 0
 0
 0
 0
 0
 0
 0
 0


